0
1
2
3
4
6
7
9
11
12
13
15
16
18
19
20
23
24
25
27
28
29
32
35
36
37
38
39
40
41
42
44
45
47
50
53
54
55
56
57
58
59
60
61
62
63
64
65
67
68
70
71
73
74
76
77
78
79
82
85
86
87
88
89
92
93
94
95
97
98
100
102
103
104
105
107
108
111
112
114
116
117
118
119
120
121
123
124
125
127
129
130
131
133
134
135
136
139
140
141
142
143
144
145
146
148
149
150
151
154
155
157
158
160
162
163
164
165
166
167
169
170
171
172
174
178
179
181
182
183
184
186
187
191
192
193
194
195
196
197
198
199
200
202
204
206
207
208
210
212
213
216
217
218
221
222
223
